   2.0000000e+00   1.9579220e-01  -1.2381556e+00  -1.3041692e+00   2.9433925e+00  -7.3477088e-01  -6.3825191e-01  -8.7668910e-01   2.2164792e-01  -1.6003107e+00   2.3007254e-01
   2.0000000e+00  -3.2608538e+00   4.6663979e-01   5.4554458e-01   1.0241780e+00  -2.4305927e+00   1.7817418e+00  -2.5682957e+00  -2.6974169e+00  -3.7647507e-01  -6.5302936e-01
   2.0000000e+00   6.4308735e-01   6.4570168e-02   5.6297100e-01  -7.1915170e-01   2.0452768e+00   7.3010186e-01   4.9787477e-01   3.6727543e-01  -1.5283579e+00  -1.5139480e-01
   2.0000000e+00  -3.3344884e-01  -3.0691202e-01  -1.0253717e+00  -2.8782489e-01  -6.4007543e-02   1.2078324e+00   6.8555491e-01  -6.8318559e-02  -4.3136966e-01   1.2657981e+00
   1.0000000e+00  -2.0307547e-01  -7.5352216e-01   1.6912148e+00  -1.3904230e+00   1.5972624e-01  -1.8399138e-01  -1.9166411e-01   9.6106067e-02   1.7280763e+00   2.6391302e+00
   2.0000000e+00   2.3988846e-01   3.7569010e-01   6.7721188e-01   7.8717026e-02   2.7843749e-01   9.1812107e-01  -1.8761639e+00  -1.6025990e+00  -2.1384680e-01   1.5458616e+00
   2.0000000e+00  -1.5095974e+00  -2.9990191e-01  -2.4796683e-04  -5.8880732e-01  -4.7658824e-01   2.6310601e-01   2.2978379e-01  -1.7291477e+00  -5.5615688e-01   9.4360253e-02
   2.0000000e+00  -6.8800622e-01   1.2566022e+00  -2.4084849e+00   7.9987006e-01  -1.0628534e+00  -7.5131436e-02   1.0661707e+00  -8.1174358e-01   8.8879951e-01   8.5635435e-01
   2.0000000e+00  -3.2084791e-02   5.4671372e-01  -5.2987627e-01  -1.6748331e+00  -2.5808532e+00   6.1125358e-01   7.6402628e-01   2.2045136e+00  -6.9440663e-01  -1.5357841e+00
   2.0000000e+00   1.5219365e+00   1.3489781e+00  -5.2780589e-01  -5.7845349e-01   2.4941302e-01   6.1888376e-01   8.1217476e-01   2.7751899e-01  -3.8251490e-01   1.3981280e+00
   1.0000000e+00   1.5360987e+00  -5.9936254e-01  -1.4758688e+00   1.7677499e+00   3.1057767e-01  -5.4714471e-01  -6.6212689e-01   4.1809337e-01  -2.3826458e-01  -5.5305106e-01
   2.0000000e+00   2.2023003e+00   1.9479595e+00   8.3329920e-01  -6.0139439e-01   1.0208492e+00  -2.8023479e-01   1.0468446e+00  -1.1316082e+00  -7.9158171e-02  -1.5967167e-01
   1.0000000e+00   2.0801597e+00   2.0077092e-01  -1.5013084e+00  -1.5326456e-02   3.8530922e-01  -5.5263234e-01   1.6362048e+00   7.8375032e-01  -9.0637625e-01  -4.8500175e-01
   1.0000000e+00   6.8594079e-01  -1.5976034e-01  -1.3882630e+00   6.1467390e-02   9.1552544e-01  -8.8650217e-01  -9.7195912e-01   2.5358710e-01  -7.7090952e-01  -1.6738207e+00
   2.0000000e+00  -7.9039854e-01  -5.9146587e-01   1.1170022e-01  -1.7981468e-01   2.1564927e+00   4.3709252e-01   9.4752945e-01   1.7677108e-01   2.4064840e-01  -7.0932818e-01
   2.0000000e+00   1.6145808e-01   1.0201726e+00   5.5506377e-01   2.7069709e-01   8.1390269e-03   1.3908068e+00   6.6307685e-01   7.4480253e-01  -7.1462895e-01  -4.7123930e-01
   2.0000000e+00  -5.1337229e-01   1.9271447e-01   3.6827276e-01  -4.5385779e-02   2.0247070e+00   1.3252565e+00  -1.2236676e+00  -3.2685939e-01  -1.6613972e+00   7.1445487e-02
   2.0000000e+00  -3.3867438e-01   1.8734099e+00  -5.4427918e-02  -1.6259359e-02   8.1065272e-02  -2.6139458e-01   1.0869258e+00  -4.7960008e-01  -1.6604137e+00   2.5569031e-01
   2.0000000e+00   3.2267778e-01  -8.8172795e-01  -4.3067341e-01  -1.0432031e+00  -8.8827203e-02   7.4943034e-01   1.3903883e+00  -4.1506533e-01  -5.3758121e-01  -1.1639768e+00
   1.0000000e+00  -2.5036396e+00  -6.2042613e-01   1.0349055e+00  -2.5885386e+00  -2.2077534e-01   5.3583572e-01   1.6379012e+00   5.6732057e-02   2.4538188e-02  -1.0745034e-01
   2.0000000e+00   1.1332821e+00  -1.0475299e+00   1.3265191e+00   1.8134887e+00   1.2024623e+00   1.7929665e+00  -1.3381994e+00   1.3441737e+00  -3.7242061e-01  -1.3633680e+00
   2.0000000e+00  -6.7927254e-01  -1.7195726e+00  -1.0091727e+00  -4.9919870e-01   1.7283896e+00  -6.2548025e-01   5.6330688e-01  -1.1162170e+00  -6.6660567e-01   2.5543575e-02
   2.0000000e+00   1.0266935e-02   9.0164129e-01  -1.4329830e+00   1.3879840e+00   1.2726326e+00   1.9916383e+00  -6.6551130e-01  -1.4974763e+00   2.1289895e+00  -3.1185461e-01
   2.0000000e+00  -1.5395594e+00   6.2343462e-01   2.2997711e-01  -1.4682994e+00  -1.2882900e+00  -1.2722953e+00  -1.2125810e+00  -9.3562260e-01   1.0683192e+00   1.0661688e+00
   1.0000000e+00  -3.5977756e-01  -1.6781136e-01  -1.8839735e+00  -6.6724482e-01  -1.6142853e+00  -8.6143715e-01  -1.2999415e+00   7.0668681e-01   7.0259739e-02  -2.4703763e-01
   2.0000000e+00   5.1520765e-01   3.8320607e-01  -9.1882852e-01   8.8416746e-01  -8.3642805e-01  -8.7724145e-01  -7.0974963e-01  -1.4513718e+00  -8.1277853e-01   4.6790763e-01
   2.0000000e+00  -2.0063338e-01   4.9378678e-02   1.6242502e-01   6.1628130e-01  -4.3583757e-01  -2.9007257e-01   4.0117492e-01  -5.1292363e-01  -7.0884537e-01   4.3229580e-01
   2.0000000e+00  -2.5143339e-01  -2.3818430e+00  -8.8007507e-01   5.7933645e-01  -1.1854413e+00  -2.3646354e-01   1.4596221e+00  -1.5803302e+00  -6.3333784e-01  -1.2596046e-01
   2.0000000e+00  -3.9767012e-01   8.6201627e-01   1.3189931e+00   4.1417709e-01   2.6056633e-01  -7.5675003e-01  -5.0731858e-01   1.7318614e+00   1.4449133e+00   4.1588049e-01
   2.0000000e+00   1.6328726e+00   3.0393066e-01  -9.7378786e-01  -1.1381279e+00   8.0995403e-01   1.1526087e+00  -2.9546718e-01   1.9034384e+00   9.8296634e-01   3.5908405e-01
   2.0000000e+00  -8.1394232e-01  -1.3506979e-01   4.6910913e-01   2.9544524e-01  -1.5819683e+00   8.9466202e-01   1.4960580e-01  -8.7994612e-01  -5.8734128e-01  -5.8374451e-01
   1.0000000e+00  -5.9596662e-01   4.3628480e-01  -8.3616118e-01  -8.2048955e-01   7.2249515e-01  -9.4394809e-01  -9.0409421e-01   4.6519197e-01   4.2849894e-01  -7.6684685e-01
   2.0000000e+00   3.5140263e-01   5.0240576e-01   2.6260856e-03  -2.9230579e-01   1.8623860e+00   4.4419537e-01  -5.0662154e-01  -1.1757200e+00   7.2298394e-01  -8.3056825e-01
   2.0000000e+00  -4.9960366e-01  -1.7151444e+00   1.4363245e+00   1.2821675e+00  -6.3575791e-01   1.5983735e+00  -2.8996240e-01   8.8468093e-02   3.2213923e-01  -1.2142764e+00
   2.0000000e+00   4.9614004e-01   1.0830897e+00   4.0530934e-01  -1.6356589e+00  -8.9684621e-03   1.6697872e+00   8.9111099e-01   8.3700399e-01   1.3664202e-01   2.3526060e-01
   2.0000000e+00   1.4120439e+00  -1.8526542e-01  -1.8930750e-01   2.1815420e+00   2.4507898e+00  -9.2533567e-01  -7.1394904e-02  -1.3718133e-01  -7.7974757e-01  -9.3244493e-01
   2.0000000e+00   9.5301693e-02  -8.9629771e-01   2.6185228e-01   4.3561806e-01   9.6895841e-01   1.2601195e-01   3.3317750e-01  -3.8023040e-01  -8.1823303e-01  -1.4160538e+00
   2.0000000e+00   4.2883928e-01  -5.0294048e-01  -1.1811824e+00  -1.3596066e+00  -7.7356728e-02  -5.8682373e-01  -1.2328329e+00  -5.6644816e-02   9.7578330e-01   3.5291488e-01
   2.0000000e+00  -6.5616887e-01   9.0737785e-01   6.6341994e-01   3.0362794e-01   7.8992578e-01  -1.0460549e+00   5.7341825e-01  -3.2060635e-01   5.6217663e-01   3.0999703e-01
   2.0000000e+00  -7.9475678e-01   1.3830449e+00   8.5446294e-01   1.2433374e+00  -1.6947684e+00  -7.6659760e-01  -2.2940030e-01  -3.1415760e-01  -1.4847499e+00  -7.4796960e-01
   2.0000000e+00  -2.8426971e-01  -2.8252328e+00   4.5875523e-01  -9.0151101e-01   5.2299979e-01  -3.5325397e-01   1.1898058e+00  -2.7440054e+00   4.3412793e-02  -3.1513526e-01
   2.0000000e+00   1.3865567e+00   1.6964530e+00   4.0203246e-01  -4.3426147e-01   7.2563102e-01   4.2330074e-01  -1.5046990e+00   2.0850051e+00  -2.1125329e+00  -4.6451402e-01
   2.0000000e+00   2.9238000e-01  -1.1323237e+00  -1.6790133e+00  -1.7907421e+00   3.7493663e-01  -1.1710169e+00  -1.0459263e+00  -9.8763071e-02  -1.0586831e+00  -1.1941749e+00
   2.0000000e+00   1.7269343e-02   4.6062563e-01   6.2203426e-01   1.8838016e+00  -5.5836494e-01   6.7029831e-01   2.5729712e-01  -1.1218651e+00  -1.4373219e+00   1.2072066e+00
   1.0000000e+00  -1.0828093e-01  -5.1173410e-02  -1.0678564e-01  -1.2810276e+00  -9.0890684e-03   5.2420915e-01  -9.7229436e-01   6.9297958e-01   1.3677423e+00  -3.1582940e-01
   2.0000000e+00   5.6805661e-01  -2.5958666e-01  -1.1092327e-01   5.3486821e-01   6.4587229e-02   4.3531285e-01   2.0912370e+00  -5.6434891e-01   1.8612553e+00  -1.0811993e+00
   2.0000000e+00   2.5523154e+00  -1.2364543e-01  -3.6573364e-01  -1.7505815e+00   1.7006108e+00  -3.3066451e-01  -5.2489683e-01   1.2939728e+00   4.0187320e-01   1.4381765e+00
   2.0000000e+00  -1.1803949e+00  -1.0249697e-01  -1.1964942e+00   9.0418979e-01  -1.6638181e+00   4.2554742e-01   7.4699079e-02   1.0301041e+00   7.3742925e-02   1.7985697e+00
   2.0000000e+00  -2.5149255e+00   9.1552369e-01  -1.6512003e-01   1.3959091e+00   2.5722003e-01   3.6009452e-01  -3.5862335e-01   1.0990682e+00  -2.3101490e-02  -1.0940695e+00
   2.0000000e+00   7.1728864e-01  -1.2529092e+00   1.3623098e+00  -2.0560685e-01   1.0601504e+00   5.1812754e-01   1.3308179e+00  -1.4501476e+00  -3.1217004e-01   6.1983671e-01
   1.0000000e+00  -8.2662656e-01  -8.7411077e-01   2.0886258e-03   1.1635639e+00  -6.6410923e-01   7.0324443e-01   7.6521439e-01   2.0236265e-01  -2.0423805e-01   1.6276527e-01
   2.0000000e+00   1.6815728e-01   3.6561672e-01   1.1728516e+00   1.5564297e+00   3.5549319e-01  -4.4167316e-01   4.3527757e-01  -9.9156554e-02  -1.4799717e+00   5.8925704e-01
   1.0000000e+00  -7.4229935e-02  -5.8488941e-02   2.6064041e-01   9.9320835e-01  -7.0856069e-02  -1.0526451e-01   1.5273181e+00   4.2211993e-01  -1.7811336e+00   1.2550739e-01
   1.0000000e+00  -4.4382356e-01  -2.3792269e-01   3.9673252e-01   1.2814757e-02  -6.9938199e-01   1.9584120e+00   4.8680519e-01   8.0214313e-01   3.8570904e-02   1.8551026e+00
   1.0000000e+00  -4.5716919e-01   2.3469910e-01   1.7909612e+00   1.1058977e+00   7.9786503e-01  -8.8427832e-01   3.0828612e-01   5.8325295e-01   2.1358113e-01  -1.7679859e-01
   2.0000000e+00  -3.0972573e-01   5.6064314e-01  -1.5389037e+00   3.7588029e-01  -5.1429387e-01  -7.7889792e-01   3.2377915e-01  -1.1868295e-01  -2.3899280e-01  -1.0828258e-01
   2.0000000e+00  -1.8145343e+00   7.5651419e-01  -2.8446129e-01  -6.5140734e-01  -1.0540979e-01   4.8081673e-01  -8.8446879e-01  -4.9325760e-01   7.0295662e-01   8.9119001e-01
   2.0000000e+00   3.5866506e-01   2.1792931e+00   1.5933450e+00  -1.2570288e+00  -5.5290727e-01  -5.4434149e-01  -8.7023571e-01   8.3823535e-01  -2.5498765e-01   8.3185768e-01
   1.0000000e+00  -4.3045562e-01  -2.5031224e-01  -6.0873387e-01  -1.0939796e+00   1.5390641e-01   5.3900193e-02   1.0077964e+00   2.8629030e-01   8.8086384e-01  -4.1957569e-01
   2.0000000e+00   1.5230532e+00   4.1203473e-01   1.5310492e+00   1.0597669e+00   6.6608140e-01   6.2070145e-01  -1.9796645e-01   1.0696871e+00   6.6313084e-01   6.1977609e-01
   2.0000000e+00   4.8227337e-01  -3.9912765e-02  -1.5105152e+00  -6.8625086e-01   1.9770841e-01   1.8517267e+00   1.1612192e-01   1.3481340e+00   1.0717263e+00  -3.6493874e-01
   2.0000000e+00  -1.4778735e+00  -1.3171700e+00   8.2618358e-01   7.2154579e-01  -9.1253986e-02  -5.8743559e-01  -8.5076896e-02   1.5616377e+00   1.1095871e+00  -1.9772613e+00
   2.0000000e+00   2.0762631e+00   5.2935961e-01   1.1900115e+00  -7.3518237e-01  -2.3631553e+00   3.3671623e-01   1.1602374e+00   3.9531653e-01  -3.1995285e-01   1.9433505e+00
   1.0000000e+00  -7.8572764e-01   1.6890013e-02  -1.0643162e+00  -1.2817595e+00  -1.5426407e+00  -4.6772862e-01  -2.5108913e-02   3.9613599e-02   1.4206203e-01   5.0260389e-01
   2.0000000e+00   1.6413635e+00   1.9238134e+00  -9.7319300e-01   1.3300544e+00  -3.3177686e-01   1.2155059e+00   5.1470729e-01   1.4618221e+00   1.6049752e+00   3.0406717e+00
   1.0000000e+00   4.0951681e-01   4.9664442e-01  -7.1054837e-02   9.7428090e-01   1.6955278e+00  -7.8744462e-01   1.8931026e-01   7.5908240e-02  -1.0234832e-01   9.9941559e-01
   2.0000000e+00  -1.0290577e+00   2.1503592e-02  -9.6357319e-01  -2.0663360e-01  -1.2358646e+00  -2.7861289e+00   3.8463221e-01  -7.9795029e-01   1.3043905e+00   1.3695754e-01
   2.0000000e+00   5.0888106e-01   4.1921714e-02  -8.2250799e-02  -1.1287691e+00   1.3183028e+00  -1.0088056e+00  -5.7441517e-02  -1.2557761e+00   4.2294060e-01   6.3845866e-01
   2.0000000e+00   3.1535463e-01  -1.3528148e+00  -1.0011245e-01   1.8948106e+00   1.1947466e+00  -8.4649415e-03  -1.5394414e+00   2.1472640e-01   3.6358594e-02   3.6806477e-01
   2.0000000e+00  -1.8097415e+00   8.5546286e-01   9.2169218e-01  -1.7554166e+00   7.8558831e-01  -1.4370883e+00   2.4835706e-01  -3.4824513e-01   5.3965026e-01   4.3526025e-01
   2.0000000e+00   4.6554328e-01   1.7984534e-01  -1.3935710e+00   4.2855835e-01   7.3967649e-01   8.1386753e-02   8.8858477e-01  -1.0707186e+00   1.9641604e+00   2.9513191e+00
   1.0000000e+00  -4.7957728e-01   9.0544785e-01   6.2648255e-01   1.0050092e+00   6.4816121e-01   3.5468528e-01   2.7382527e-01   1.4462401e-01  -4.9562567e-01  -4.7416894e-01
   2.0000000e+00   9.5016345e-01  -4.3561325e-01  -1.5763262e+00  -2.8572567e-01   3.8992576e-01   6.6636035e-01   2.7964166e+00  -1.8610612e-02   1.1565337e+00   6.8041817e-01
   2.0000000e+00   5.5695558e-01  -6.8066770e-01   3.3574161e-01  -6.5239203e-01   5.1604271e-01   4.3156044e-01  -1.5522207e+00   9.9593588e-01  -7.1845545e-01   1.0411133e+00
   2.0000000e+00  -1.3186976e+00  -8.7468815e-01   1.9974041e+00   5.4066231e-01   2.1703586e-01  -1.7351370e+00   2.6528597e+00  -2.0225589e-01   7.6195209e-01  -1.1927300e+00
   2.0000000e+00   2.2262839e-01  -1.8970581e-01   6.2702726e-01  -1.4112334e-01  -8.7140881e-01  -4.5503576e-01   1.6572777e-01  -7.1374937e-01   5.5006916e-02  -1.0997215e+00
   2.0000000e+00  -5.4396085e-01  -2.1491809e+00  -1.2289152e+00   6.3122954e-01   1.1538127e+00   9.8692240e-02   1.4117703e+00   8.3634098e-01  -8.4340800e-01  -9.1105847e-01
   1.0000000e+00  -1.2758239e+00  -1.8569629e-01  -4.1466864e-01  -4.9865944e-02  -6.9811365e-01  -1.6188846e+00   4.2854339e-01   3.1699796e-01  -2.1652574e-03  -9.5758403e-01
   2.0000000e+00   2.9430594e-01  -9.9979118e-01   1.9599444e+00  -1.8632263e+00  -1.5558022e-01   5.9264075e-01  -1.2738581e+00   1.6271276e+00  -1.1745721e+00  -6.4364648e-01
   1.0000000e+00  -8.3360081e-01   3.9910390e-01   6.6172779e-01  -1.5655250e-01  -4.6817211e-01   1.0348429e+00   3.9586007e-01   3.5924727e-01  -8.0197463e-01  -1.6873005e+00
   2.0000000e+00  -9.8292873e-02  -5.1011425e-01   4.9567916e-01   3.8941865e-01   1.0006823e+00   8.2430834e-01   5.7355268e-01  -1.9062871e-01  -6.6743491e-01   1.0856983e+00
   2.0000000e+00   1.5957689e-01  -3.1022508e-01   1.2979887e+00  -1.5469194e-01  -4.7829963e-01   4.8524166e-01  -9.1328633e-01  -8.4675137e-02  -2.1003073e+00   2.0630607e-01
   2.0000000e+00  -3.5782964e-01   1.1749841e+00   7.6108283e-02   3.2063984e-01  -6.9929591e-01   1.3201528e+00  -1.0104271e+00  -2.7626110e-01   1.5616506e+00  -2.1790570e+00
   2.0000000e+00   8.3413187e-02  -1.1989194e+00  -4.6857505e-01   6.6289183e-01  -7.2591760e-01  -1.3274883e+00  -1.1842422e+00  -1.1505102e+00   1.7679295e+00  -2.3085399e-03
   2.0000000e+00  -1.3142622e+00  -4.6268392e-01  -5.5450979e-01   8.6735569e-01   1.8707117e-01   1.0622341e+00  -1.5658059e+00  -4.4138929e-01   1.8935659e+00  -1.2610013e+00
   2.0000000e+00  -3.4402472e-01  -2.3810087e+00   1.8032819e+00   1.4296787e+00  -1.7114230e+00  -4.8490007e-01  -1.6900183e+00  -2.4720641e-02   8.5579516e-01   3.5497229e-01
   1.0000000e+00  -2.6453494e-01   1.4593293e-01   1.8701787e+00   7.9178648e-01  -4.5514445e-03   1.4223410e+00   1.4228402e+00   8.7658209e-01  -1.7596467e-02  -1.6755822e+00
   2.0000000e+00  -5.6352246e-01   1.2341066e+00   6.0183540e-01   3.9030310e-01  -1.0442758e+00   6.2301615e-01   1.4637070e-01  -9.6263035e-02   7.3042691e-01   6.7002552e-01
   2.0000000e+00  -1.8002369e+00  -4.7836578e-02   1.6473185e+00  -3.5182557e-01   1.6219174e+00  -1.6179924e+00   1.5742423e+00  -1.2131122e+00   1.0615212e-01  -1.5705019e-01
   2.0000000e+00   7.1028243e-01   3.7063042e-01  -1.3453493e+00  -1.5506948e+00   6.3969780e-01   1.1594727e-01   1.0800668e+00  -1.0862592e+00  -3.0281445e-01  -2.9697067e-01
   1.0000000e+00   1.2766235e-01  -6.7188594e-01   5.5191113e-01  -1.2041047e-01   1.0381734e+00  -1.4758679e+00   8.3635137e-01   6.2456854e-01   1.6192293e+00  -2.4179498e-01
   2.0000000e+00  -8.9366183e-03  -1.1784078e+00  -2.6485913e+00   6.6869212e-01   4.3327439e-02  -1.1039617e+00   2.9204902e-01   1.2160536e+00  -1.3188827e+00   5.6335409e-01
   2.0000000e+00   2.0799957e-01  -1.1852595e+00   1.8346273e-01  -1.1020385e+00   5.1157051e-01   2.4996698e-01  -1.3284558e-01   1.2958816e+00   1.0680234e+00   1.6706134e+00
   1.0000000e+00  -8.5739604e-01   1.2968600e-01  -1.0658163e+00   9.3536076e-01   1.5205635e+00  -9.5915586e-02   7.4025009e-01   4.2411114e-01  -1.4844097e+00   4.2682359e-01
   2.0000000e+00  -1.3786339e+00  -1.6070833e+00  -3.2103457e-01  -2.5062522e+00  -9.8912423e-01   3.0789015e-01   6.3754801e-01   3.2247594e-01  -1.4004075e+00  -5.4764779e-01
   2.0000000e+00  -1.3254902e+00  -3.1504634e-01  -4.0815983e-01   1.5426783e-01  -5.1624088e-01  -7.1907055e-01   2.1345173e+00  -7.1224928e-01   1.2421587e+00  -2.1788088e-01
   1.0000000e+00   1.2207730e+00   3.4508707e-01   1.9947646e+00   1.9931120e-01   3.4447088e-01  -2.5149618e-01   3.0507062e+00   1.4212254e-01  -4.3477503e-01  -7.8168320e-01
   2.0000000e+00  -3.4049027e-01   2.2937479e+00  -9.8321091e-01  -9.1801743e-01   9.9209530e-01   6.3586127e-01   5.8376628e-01   2.9387989e-01   3.8008936e-02   1.8771946e-01
   2.0000000e+00   9.9679407e-02  -2.9106035e-01   8.8530091e-01   1.0166638e+00   3.5113881e-01  -7.8640462e-01  -2.8551303e-01  -5.9835946e-01  -7.4114498e-01  -7.9981970e-01
   1.0000000e+00  -1.3618914e+00   3.5502343e-02  -4.6650371e-01   1.0755541e+00   5.7935572e-01  -1.4163497e-01  -8.0013215e-01   1.0825804e-01   7.1150171e-02   4.3448413e-02
   2.0000000e+00  -1.9879227e-02  -1.0789037e+00   1.2924267e+00  -2.3653010e-01  -1.2511993e+00   1.4767764e-01   1.3054833e+00  -7.3204764e-01  -5.9807553e-01   4.1203007e-01
   2.0000000e+00   1.6920591e-01  -3.7184910e-01  -1.7237350e-01  -6.6751407e-01   5.9384966e-01   5.0872301e-01  -5.4692382e-01   1.0241644e+00  -6.0448540e-02  -9.3858103e-01
   1.0000000e+00   3.1088018e-01  -1.4693273e-01   2.8806941e+00   3.1547657e-01   7.1046153e-02  -1.9074474e-01  -1.8578926e+00   2.7679051e-01  -3.1713655e+00  -8.4628337e-01
   2.0000000e+00  -3.4925060e-01   3.5872762e-02   9.3340033e-02  -4.1444841e-01   4.4389933e-01   3.7036803e-01  -1.0613937e-01  -1.5078346e-01   7.6097294e-01  -1.4955983e+00
   2.0000000e+00   8.6742452e-01  -7.1265143e-01  -6.7067206e-01  -7.1036795e-02   3.3140423e-01   5.8600321e-01   8.7712835e-01   1.2180403e+00   1.1420859e-01  -4.8793829e-01
   2.0000000e+00  -6.2138578e-01  -9.4891622e-01  -4.1015947e-01   3.6576890e-02   5.0305046e-02  -2.2296379e-01   8.1694893e-01  -4.9229975e-01   4.4675783e-01   6.1514289e-01
   1.0000000e+00  -2.3699138e+00   3.1301019e-01  -6.5062328e-01  -3.2520951e-01  -4.0472335e-01  -1.2890285e+00  -3.2883599e-01   4.1025204e-01  -7.9678741e-01  -1.1814385e+00
   1.0000000e+00  -1.0668759e-01  -5.1761771e-01   2.8752611e+00   1.5392903e+00  -9.6631022e-02   3.0714640e-01   1.1203205e+00   5.4155635e-01   2.5181918e-02  -5.7848997e-01
   2.0000000e+00  -3.2209733e-01   1.6575083e+00   3.0386961e-01   2.3183994e-01  -1.1944967e+00   7.6721556e-01   1.4786592e+00  -9.4502740e-02   1.1792239e-02   9.6126688e-01
   1.0000000e+00  -3.9930144e-02  -6.5986894e-01   1.2716088e+00  -7.2235702e-03   7.3067432e-01   8.5217606e-02  -2.2287825e+00   5.4949447e-01   1.9551076e+00   4.8781361e-01
   1.0000000e+00  -3.3024303e-01  -5.4776468e-01   3.3485495e-01   5.4100625e-01   1.6105929e+00   1.5072969e+00  -1.1784707e+00   2.0437711e-01  -1.9033820e+00   1.0946328e-01
   2.0000000e+00   5.5408392e-01  -8.6164559e-01   1.5495387e-01   2.7180041e-01  -3.7517201e-01   6.7750822e-01   1.2194601e+00   8.3592947e-01   1.6684659e+00   1.2796880e-02
   2.0000000e+00   7.3432329e-01  -1.2132244e+00  -1.7057671e+00   1.1728043e+00  -1.3828500e+00   1.7052649e+00  -3.3261938e-02   9.1908459e-01  -1.3608023e+00   1.1286763e+00
   2.0000000e+00  -1.9431118e+00   3.6365264e-01  -4.1394802e-01  -2.0363263e+00  -1.8130443e+00  -1.3742473e+00  -8.6349779e-01  -4.5858364e-01  -1.0203137e+00   9.3834291e-01
   1.0000000e+00  -1.8677891e+00   6.8471424e-01   1.2244518e-02  -1.0146045e+00  -2.1782093e-01  -8.4093444e-02  -2.3747151e-01   1.8201749e-01   1.0343952e+00  -2.2879395e+00
   2.0000000e+00   6.5830438e-01   2.9987563e-01   5.0826872e-01  -1.3031367e+00  -4.6979811e-01  -1.7924412e-02   1.4256980e+00   9.6224816e-01  -4.4745982e-01   4.0311073e-01
   2.0000000e+00  -5.8042407e-01   9.1857741e-01   9.1307603e-01  -2.4822686e-01  -1.1608807e-02  -4.3188684e-01  -2.1343943e-02   1.4986485e+00   5.1206262e-01   1.0433218e+00
   2.0000000e+00  -6.3731246e-01  -1.1552095e+00   1.4236170e+00  -2.0332724e-01  -1.4726504e-01   7.3489068e-01   2.2562152e-01  -2.2170368e+00  -1.2041198e+00  -4.1899368e-01
   2.0000000e+00  -1.4635457e+00   1.8963371e-01  -3.8874470e-01   3.3822754e-01  -1.5291275e-01   3.3396207e-01  -2.4631106e-01  -3.1977588e-01  -6.4434543e-01   2.2835715e-01
   2.0000000e+00   2.4939315e-01  -7.4993144e-02  -1.5544929e-02  -6.2476074e-01  -7.2053333e-01   1.1222335e+00   5.3023007e-02  -9.1120891e-01  -3.1391305e-01  -6.6128307e-01
   2.0000000e+00   1.4240972e+00   2.4291177e-01   4.0641369e-01  -1.0608032e+00  -2.4219474e-01  -2.7179890e-01   5.9776493e-01  -2.0867281e+00  -3.8171449e-01  -9.9058654e-01
   2.0000000e+00  -6.4683784e-01   1.3919043e+00  -4.1331548e-01  -6.8605508e-01  -8.4526429e-01  -1.9465670e-01  -4.1844253e-02  -1.4012474e+00  -1.7714084e+00   5.6279715e-01
   1.0000000e+00  -4.7140618e-01  -7.4927874e-01  -3.1732852e-01   1.1947074e+00  -1.0749548e+00   4.2965595e-01   7.4119202e-01   5.0315645e-01  -4.0038291e-01  -1.8876895e+00
   2.0000000e+00   3.0438685e-02  -1.4856439e+00   1.3161643e-01  -2.9376815e-01   6.9666444e-01   6.2674259e-01   2.9540160e-01  -4.4760470e-03   8.9982905e-01   5.8663992e-01
   2.0000000e+00   5.1081588e-01   7.2527991e-02   2.8569499e+00   2.8508030e-01  -1.2287913e+00  -3.0978360e-01   4.3665621e-01  -6.9659474e-01  -1.2905492e-01   2.0596418e-01
   2.0000000e+00   5.9513435e-01  -8.4367203e-01  -5.9420226e-01  -5.8461109e-01   1.3054317e+00   3.0669557e-01  -1.4149042e+00  -2.8907371e-01  -8.0587472e-01  -7.5032850e-02
   2.0000000e+00  -9.2757252e-01  -5.9532648e-02   4.7423662e-01  -6.5055491e-01  -1.2742470e+00  -2.2056981e-01   6.2520712e-01  -4.5221948e-01  -5.2740835e-01   5.6004337e-02
   2.0000000e+00  -1.7449075e+00  -5.4794643e-01  -1.0658160e+00  -7.0855433e-01  -1.6602085e+00  -2.0917433e-01   1.5017496e+00  -2.1044679e-01  -1.0903961e+00  -1.7018678e+00
   2.0000000e+00   7.3513336e-01   1.6896742e+00  -5.6554895e-02  -2.8018583e-01   3.9485540e-01  -2.8052482e-01  -2.3936557e-01   7.3980016e-01   1.0461520e+00   2.1086587e-01
   1.0000000e+00   4.5370918e-01   8.2742369e-01  -4.0233442e-01   9.2034616e-01   5.1055342e-01  -4.2424172e-01   6.4549262e-01   1.4971246e-01  -1.1522439e+00   1.0374209e+00
   2.0000000e+00   4.8796851e-01   1.0519373e+00   6.4239861e-01   2.1166259e+00   6.5111209e-01   3.6142380e-01  -1.5383398e+00   3.6410804e-01   1.1170041e+00   1.9775827e+00
   2.0000000e+00  -7.6340508e-01  -4.0885906e-01  -1.2208847e-01  -1.5634242e+00  -8.3865436e-01   5.4173985e-01  -5.5294753e-01  -1.1149403e+00   1.1112809e+00   6.8464074e-01
   2.0000000e+00   7.8481676e-01  -1.4932741e+00   9.8361296e-01  -8.9304811e-01  -1.1551841e+00   4.5696467e-01   2.8524515e-01  -1.0239915e+00   1.8357173e-01  -3.1307014e-01
   2.0000000e+00  -1.6578118e+00  -2.0725351e+00  -2.2400328e+00   7.2058228e-01  -5.4883686e-01   3.9919720e-01  -1.0856446e-01   2.8151698e-01   3.7787836e-01  -4.5542183e-04
   2.0000000e+00  -1.2703147e+00   2.3559724e+00   1.0100721e+00  -1.5482980e+00   5.5973733e-01  -6.5255679e-01  -2.4930066e+00   7.3344870e-01  -7.4970147e-01  -5.5623857e-01
   2.0000000e+00   4.8434259e-01  -1.0931262e+00   1.9407753e+00   1.7912391e-01  -9.6986472e-01   1.0952341e+00   1.9460707e+00   1.2275964e+00  -9.0402978e-01  -4.0701814e-01
   2.0000000e+00   5.9687309e-01   1.1041463e+00   4.1527104e-01  -1.5823538e+00   1.7151658e+00  -7.4495704e-01  -1.0151320e+00  -1.3023789e-01   1.4973797e+00   8.0424526e-01
   1.0000000e+00  -1.3619109e-01   7.0007882e-01  -1.3759594e+00   5.1290228e-01   8.1544264e-01  -9.1735369e-01   1.4929276e+00   6.4080452e-01   1.1116419e+00   5.9549905e-01
   2.0000000e+00  -7.9511301e-01   2.8453791e-01  -8.9956478e-01  -7.4074277e-01   5.4321094e-01  -4.9008423e-01  -1.4010622e-01  -2.6863768e-01   2.1205708e-01   3.1202040e+00
   2.0000000e+00   7.0385575e-01   6.9032363e-02  -1.4491853e-01   2.4996054e-01  -1.2367900e+00   2.2631181e+00  -7.4135417e-01  -1.3027872e+00   1.1677446e+00   2.8007636e-01
   2.0000000e+00   3.0116380e-01  -1.4900576e+00   4.2307352e-01   1.0327297e+00  -1.1126737e-01  -1.3587619e+00   1.1841495e+00  -1.1310929e+00  -8.5702119e-01  -8.7259166e-01
   2.0000000e+00  -1.4702679e+00   1.0367600e+00   1.1226006e+00   6.6741842e-01   7.6596028e-01  -6.2284843e-01   3.7816674e-01   1.2789962e+00   6.1040812e-01  -1.3597320e+00
   2.0000000e+00   1.0631346e-01  -1.6846025e-01   2.3989685e+00   3.7674422e-01  -2.2909904e+00   8.8159454e-01   5.2516488e-01  -1.7248801e+00   7.7362299e-01  -2.6559877e-01
   1.0000000e+00  -3.5367533e-01   2.7727490e-01   4.0818853e-01  -2.3419656e-01  -6.9903144e-01  -5.9799627e-01  -9.6493238e-01   3.7954627e-01  -9.2411927e-01   2.6142322e+00
   1.0000000e+00  -1.0280870e+00   5.2569671e-01   1.2230455e+00   3.5186699e-01   7.7261343e-02  -1.3122534e+00   6.1746934e-01   2.0965108e-01  -2.0416438e+00   3.8983650e-01
   2.0000000e+00  -1.2603334e+00   5.8428220e-01  -1.1260301e+00  -6.7457770e-01  -2.0266232e+00   1.4711140e+00   2.9420006e-02  -3.6013570e-01   1.5053792e+00   2.3707166e+00
   1.0000000e+00   1.8232435e+00  -5.5764075e-01   1.8084447e+00  -1.4384524e+00   8.3852099e-01   7.8668374e-01   1.6448797e-01   8.0840856e-01  -1.7596098e+00  -1.5009315e-01
   2.0000000e+00   8.6624337e-02  -5.0172360e-01  -1.2317581e+00  -5.0780178e-01  -7.9096165e-01   1.6492199e+00   8.1836644e-01   9.2807440e-01   3.8335305e-01   1.1074397e+00
   2.0000000e+00   2.0010902e-01  -2.4153126e+00   7.2239274e-01  -9.2128808e-01   6.0345455e-01  -6.1247854e-01  -5.3312120e-02  -4.5182231e-01  -1.1252630e-01  -4.4197670e-01
   2.0000000e+00  -4.2716375e-01  -2.0485758e-01   1.8725658e+00  -1.2695359e+00   6.2859083e-01  -7.2053878e-01  -2.6375288e+00  -3.1431597e-02   1.2858316e+00   4.2720791e-01
   2.0000000e+00   1.7405282e+00  -1.9319069e+00   1.0490081e+00  -1.6846256e+00  -5.2536860e-02   7.2804244e-01  -1.9518796e-01   2.8007090e-01   9.7367843e-02  -6.4818791e-01
   2.0000000e+00   6.0636160e-01   1.7239132e-01  -1.0317600e+00   5.6973595e-01  -6.7425373e-01   6.7930538e-01   5.5044129e-01   2.0703906e+00   1.3776692e+00   9.8526778e-01
   1.0000000e+00  -4.0588438e-01   3.1664867e-01  -1.7884255e+00  -1.0843183e-01   1.0432215e+00   1.4990458e-01  -1.0063594e+00   3.3680406e-01  -1.7389459e+00  -6.2354406e-01
   2.0000000e+00  -1.2568165e+00  -9.2729129e-02   1.8455643e+00   2.3568705e-01  -3.5155268e-01   4.7109121e-01  -1.7583222e-01  -1.7715383e+00   1.4173913e+00   1.1913567e+00
   2.0000000e+00  -7.3554732e-01  -3.3846344e-01  -1.2432287e+00  -4.7991615e-01   4.5662632e-01   1.9171636e-01  -8.5018158e-02  -3.6871608e-02  -1.1570902e+00  -1.6660208e+00
   2.0000000e+00  -1.2033456e+00   3.7628984e-01  -5.2336474e-01  -4.5347755e-01   1.7603096e+00  -5.9935361e-01   1.6692345e+00  -3.0192614e-01   1.2628529e+00   1.2076597e+00
   2.0000000e+00  -3.6083372e-01  -3.6671001e-01  -1.5746301e+00  -6.2977318e-01  -3.5028724e-01   5.1433518e-01  -1.0925485e+00   9.6069373e-01  -1.4734479e-01   1.6116907e+00
   2.0000000e+00  -6.7095647e-01   1.8881548e+00  -6.2179850e-01   1.1568048e+00  -7.5167159e-01  -2.3364609e-01  -9.8250460e-01   4.0944287e-01   3.9811757e-01  -2.0727981e+00
   2.0000000e+00   1.5718777e+00   8.7696580e-01   5.3320776e-01   1.8903397e+00   1.6191048e+00   1.5786312e-01  -1.8730013e-01   8.8501145e-01   1.4446733e+00   2.0651629e+00
   2.0000000e+00   3.6877313e-01   5.2843993e-01  -5.1725559e-01  -3.4486283e-01  -7.9939764e-01  -3.7706953e-01  -9.0472338e-01   1.5586233e+00  -2.3660030e-01   4.2475418e-01
   1.0000000e+00  -9.3687015e-02   7.0070451e-01  -5.0499002e-01  -8.8016683e-03  -5.1182650e-02   4.2020995e-01  -1.0968809e-01   1.3743370e-01  -3.5505637e-01   1.3862504e+00
   2.0000000e+00  -6.2113028e-01   8.1891163e-01   3.4265838e-01  -5.4426674e-01   5.3812781e-03  -7.7405322e-01   2.4524399e-01   6.9978335e-01   3.0166142e-01   7.2097709e-01
   1.0000000e+00  -1.2716756e+00  -3.0492954e-01   9.2405024e-01  -7.8467611e-01   3.6434428e-01  -9.7546116e-01  -4.3462418e-01   4.2216473e-01   2.9910671e-01  -1.5906316e-01
   2.0000000e+00   1.8684828e-01  -1.3069218e+00  -7.0925601e-02  -4.1765397e-01   7.9082026e-02   1.3223713e+00  -9.3114671e-01  -3.3882135e-01   8.3617110e-01  -2.0929013e+00
   2.0000000e+00  -6.4657228e-01  -2.6685097e-02  -2.6237032e-01  -7.8804766e-01   1.3841995e+00  -4.5906534e-01  -2.2289709e+00  -4.5785538e-03  -3.8281152e-01  -9.9032759e-01
   2.0000000e+00  -3.7753601e-01  -1.1487604e+00   2.3309289e+00   1.3417944e-01   9.3512289e-01   2.9238708e-01  -2.6797947e-01  -1.5237648e+00   1.3048078e+00  -5.2696410e-01
   2.0000000e+00   8.9537013e-02  -1.3382556e+00  -1.9802946e+00  -2.3159575e-01  -1.1022321e-01  -1.4539744e+00  -1.0985175e+00   1.0137448e+00   1.3490691e+00   1.2757007e-01
   2.0000000e+00   9.1402658e-01   9.4623991e-01   1.7533549e+00  -2.4464186e-01  -5.4361841e-01   2.5116354e+00   2.8344851e-01   8.8147911e-01  -9.6865660e-01   5.7790182e-01
   1.0000000e+00   7.9275002e-01   5.7918138e-01  -8.1658562e-01  -4.1802021e-01   4.7443266e-01   2.9122346e-01   5.5180680e-01   6.2548689e-01   6.7491656e-01  -1.1444167e+00
   1.0000000e+00  -9.1044367e-01  -2.4023601e-01  -9.6639396e-01   2.8350442e+00  -3.5606661e-01  -1.4473628e-01   2.7241553e-01   4.3914972e-01   9.9422971e-01  -1.2315889e+00
   1.0000000e+00   6.1575983e-01  -6.8191261e-02  -1.3271215e+00  -5.3742583e-01   4.9371158e-01   1.1721008e+00  -1.1758221e-01   3.0234586e-03  -2.7044594e-01   1.4917769e+00
   2.0000000e+00   4.2693854e-01  -3.9757607e-02  -1.2154480e+00   8.5243940e-02  -1.2777393e+00   1.4605894e+00  -5.6694103e-01  -2.5246081e-01   1.2107683e+00   8.9973654e-01
   2.0000000e+00   3.1268093e-01  -1.1917547e+00  -5.4934274e-01   1.3598268e+00   1.0781620e+00  -8.2204852e-02   1.5039726e-01  -6.3105212e-01   1.2738604e+00   3.8282342e-01
   2.0000000e+00   9.1694257e-01   9.8427639e-01  -2.8887527e-01  -1.6288299e+00   4.1708937e-01   4.3820880e-01   1.3247755e+00  -7.4166603e-02   1.0415512e+00  -3.5024984e-01
   2.0000000e+00  -6.3563537e-01  -6.8275691e-02  -1.1973559e+00   5.9896359e-01   3.1549500e-01  -7.2425070e-02  -5.1716262e-01  -9.9971667e-01   1.9241111e-01  -1.4376815e+00
   2.0000000e+00  -1.9896873e-02   4.6016311e-01  -2.7595305e-01  -9.9500758e-01   2.9836095e-01  -1.2136413e+00  -7.1500041e-01  -2.2026615e+00   3.2990873e-01  -2.2105696e-01
   2.0000000e+00   7.0438781e-01  -3.0945138e-01   1.7582697e+00   6.6644447e-01   4.2947353e-01  -1.0422836e+00  -4.6754410e-01  -6.5842693e-01   6.8654632e-02  -3.6752868e-01
   2.0000000e+00   7.0768629e-01  -7.3529170e-01   9.0407867e-01  -1.3039707e+00   1.6984558e+00   7.0440856e-02  -1.5238883e+00  -1.6248931e-01   6.7171367e-01   2.9963164e-01
   2.0000000e+00  -4.6452719e-01  -2.1538472e+00  -1.0217681e+00   1.2238892e+00   7.3304423e-02  -2.4171179e+00   1.5776990e+00  -3.2981724e-01   1.5222016e+00  -3.4116107e-01
   2.0000000e+00   1.1097869e-01  -4.5999071e-02   3.1792311e+00   2.2711865e+00  -1.2160149e+00   9.0199783e-01  -9.2815890e-01   1.1017168e+00   1.9509421e+00  -8.3146622e-01
   1.0000000e+00   4.2324061e-01  -2.4377373e-01  -5.6203498e-01   1.7324558e-01  -2.0579287e-01   3.3747473e-01   4.7796189e-01   8.1697513e-01   4.5299027e-01   9.7003872e-01
   1.0000000e+00   1.9339129e+00   1.7272701e-01  -6.5616690e-01  -3.7072996e-01   5.4205526e-01  -1.8192543e+00   1.2351524e+00   3.8566419e-01  -7.5094097e-01  -1.9819209e+00
   2.0000000e+00   2.7530222e-01   6.3821433e-01  -3.3402725e-01  -4.4479926e-02  -8.1268391e-01   4.0040007e-03   2.4601991e-01  -1.8712647e+00   1.0450640e-01  -2.7803772e-01
   2.0000000e+00   9.4138825e-01   8.0434243e-01  -1.0233087e+00   8.0882981e-01   5.7312980e-01  -1.5723799e+00   2.8832714e-01  -4.1378798e-01  -4.9148157e-01   5.2702530e-01
   2.0000000e+00  -3.3618222e-01  -1.6383601e+00  -6.4099843e-01   2.4457310e+00   3.1124745e-01   1.2371490e+00   9.7470813e-01   2.0690475e+00   5.0790871e-01   1.1582943e+00
   2.0000000e+00  -4.3332662e-01  -1.0146238e+00   9.9856323e-01  -1.0590090e+00  -2.5714789e-01  -2.5194632e-01  -1.1584940e+00  -1.2661374e+00   1.4085101e+00   1.8409334e+00
   2.0000000e+00  -5.9537041e-01  -1.5775388e+00   7.8229491e-01  -2.7560017e-01   1.4792306e+00   8.2796247e-01  -8.7230837e-01   5.9548479e-01   1.4373132e-01  -4.0294882e-01
   2.0000000e+00  -1.2238610e+00   6.4118177e-01   6.1609657e-01   1.8705784e-01  -4.6389404e-01   9.1430345e-01  -8.6420604e-01  -3.8733797e-02  -9.2723737e-01   1.4186249e+00
   2.0000000e+00   2.3013172e-01   1.9506888e+00  -4.6689416e-01  -6.5364723e-01   3.1049266e-01  -1.5431751e+00   6.6862960e-01   6.8055536e-01  -8.1529610e-01   1.5152316e+00
   2.0000000e+00  -3.8817432e-01  -4.3179077e-01  -1.4930577e+00  -2.7050144e-01   1.0746699e+00  -1.2008732e+00   4.9868209e-01  -5.1735111e-01   1.2121133e+00   7.8700689e-02
   2.0000000e+00  -1.1591260e+00   9.4659915e-01   1.0026837e+00   8.8651596e-01  -3.8155664e-01   8.8061064e-01  -1.5328757e+00   4.1098650e-01  -5.6018199e-01   3.8996104e-01
   1.0000000e+00   1.5591542e+00  -8.8955691e-01   1.7115169e+00  -1.8035524e-02   5.0078089e-01   4.7500947e-01   2.9236618e-01   7.7175778e-02  -1.3346858e-01   1.8464380e-01
   2.0000000e+00   1.0805955e+00   6.7580728e-01  -8.7301210e-02   8.0610063e-01  -1.3593610e+00  -6.4739367e-01  -6.4306158e-01  -1.8747140e-01  -1.7066466e+00  -1.4838224e+00
   2.0000000e+00   1.5218921e+00  -1.9315796e+00   5.1687263e-01   1.3346250e+00   1.1546037e-01  -2.6911390e-01  -7.6181729e-01   1.6842646e+00   3.8991620e-01   1.9787650e+00
   1.0000000e+00   6.0750888e-04   1.2573578e-01  -2.3008881e-01   1.3525835e+00  -6.4351058e-01   1.8681239e-01  -5.2796632e-01   2.6662883e-01  -5.5042266e-01  -4.3573957e-01
   2.0000000e+00   1.1693317e+00  -1.8758507e+00  -3.2012627e-01   1.0666175e+00  -1.4098317e+00   2.5984745e-01  -4.1245563e-01   4.9610171e-01   5.0314783e-01   1.4417636e-03
   2.0000000e+00   7.1573402e-01   1.2723758e-01   9.3257485e-01  -6.0507865e-01   1.5024006e+00   6.3975817e-02  -5.0051514e-01   1.2427668e+00  -1.8185724e+00  -8.4456204e-01
   2.0000000e+00  -2.8919741e-01  -5.4278439e-01   6.1220871e-01   1.3531149e+00   9.5132111e-01   1.2423631e+00   1.8162813e+00   1.5805287e+00   7.1035090e-02  -7.5718667e-01
   2.0000000e+00   8.5399128e-01  -3.8813544e-01   4.3931534e-01  -1.5535346e+00  -6.4508403e-01   6.1272821e-02   4.6944707e-01  -5.8417839e-01  -1.0864530e-01   5.7442739e-01
   2.0000000e+00   2.4195475e-01   1.2404612e+00  -1.2645907e+00  -1.0665704e+00  -4.6031209e-01  -2.8846774e-01   6.7389463e-01   1.2672268e+00  -2.9520248e-01   8.4457581e-01
   2.0000000e+00  -3.5859027e-01   4.1390318e-01  -1.1717615e+00   1.0765998e+00  -1.1606243e-01   4.7786798e-01  -2.5294394e-01   2.1212537e+00  -1.4255213e+00   8.8388691e-01
   2.0000000e+00   5.8753031e-01  -6.9303603e-02   7.7170692e-01  -9.2583339e-01   9.8664154e-01  -2.5434815e-01  -2.3335003e+00  -1.2601195e+00  -1.4634823e+00  -1.4084148e+00
   2.0000000e+00  -2.9057032e-02   2.6141756e-01   7.2210628e-01   1.5374562e+00   7.3360340e-01   5.7907387e-01   6.7004237e-01  -3.6525603e-01   2.1208670e-01   2.3872989e-03
   2.0000000e+00   5.7607134e-01  -1.0927711e-01   2.7825880e+00   1.2100743e+00   6.1266004e-02  -8.3828592e-01   8.4295574e-01   1.1989885e+00  -1.2374309e+00   5.7236730e-01
   2.0000000e+00  -1.6419852e+00  -1.1770530e+00  -7.0086091e-01  -4.7446983e-01  -1.1690806e+00  -1.8228579e+00   1.1541416e+00   1.4878328e-01  -1.2813956e+00   1.0133796e+00
   2.0000000e+00   3.8040262e-01   8.9150178e-01   1.3008781e+00  -1.0836652e+00  -6.5313089e-01   7.1131427e-01  -1.1638746e+00  -2.0364625e+00  -5.2303851e-01   7.7002486e-01
   2.0000000e+00  -2.8461000e-01  -1.1653970e+00  -6.4519362e-01  -6.1038982e-01   8.6104015e-03   9.7529708e-01   9.0445352e-01   4.0031191e-01   8.7084697e-01  -1.0293799e+00
   2.0000000e+00   3.4849556e-01   1.5384907e+00  -1.4424381e+00  -1.8693513e+00  -1.0822269e+00   4.5076443e-01   9.4268536e-01   1.8855995e-02   1.0248916e+00  -2.7667636e-01
   2.0000000e+00  -7.7313018e-01   5.9449279e-01  -1.5193465e+00  -1.1553958e+00  -1.1747437e+00  -6.6480051e-01  -6.9124281e-03   1.6162281e+00  -2.7210658e-01  -5.4464680e-01
   2.0000000e+00   4.2968628e-02  -1.3847001e+00   1.3995651e+00  -1.3926202e+00  -1.3006273e+00   2.0286315e-01  -9.4175281e-01  -4.6692124e-01  -6.5562269e-01  -9.9516705e-02
   2.0000000e+00  -4.1665689e-01   1.1320169e+00   1.1139666e+00   2.8084739e-01  -3.5301269e-01   6.1982283e-02   4.8479932e-01   6.4201328e-01  -8.8298769e-01  -6.1206907e-01
   1.0000000e+00  -5.8094801e-01  -1.3430923e-01  -2.2655037e-01   1.0469914e+00   1.3490293e+00   1.2417327e+00   3.2593137e-01   9.7857162e-02  -5.6343661e-01   4.6892373e-01
   2.0000000e+00  -4.7004335e-01  -1.1903053e+00   1.1650932e-01   1.4014234e-01   1.2269815e+00   3.0326807e-01  -2.3280205e-01  -2.0795797e-01   2.4434409e-01  -2.0355385e+00
   1.0000000e+00   1.4639131e+00  -3.3599324e-01   8.7044568e-01   8.4931985e-01   1.4813986e+00  -6.1013077e-01  -3.1350696e-02   7.7909100e-02   2.7331191e-01   2.5736250e-01
   2.0000000e+00   3.8404071e-01   6.6294275e-02   5.9617175e-01   6.6770363e-01   1.7031303e+00  -1.0180478e+00   1.1009322e+00  -5.2122724e-01   2.5151714e-01  -2.2965467e+00
   2.0000000e+00  -2.5284325e+00   4.5183734e-01   3.9002688e-01   1.1528661e+00  -1.7294450e+00  -9.8266428e-01  -8.2480874e-01  -1.7395932e+00  -6.0257070e-01   1.7942198e-01
   2.0000000e+00  -6.7818065e-02  -3.7017908e-01   6.8711387e-01  -2.5360223e+00   1.8191286e-02   4.8685571e-01   2.5314174e-01  -1.7866826e+00   1.4051033e+00   9.2102990e-01
   2.0000000e+00   8.2299286e-01  -1.9447733e+00   1.5976654e+00  -1.2320815e+00  -3.7086934e-01   2.9093183e-01  -2.2183839e-01   8.3095030e-02  -5.3411453e-01  -1.1516090e+00
   2.0000000e+00  -1.1496821e+00   1.1160640e+00   3.0327454e-01   2.9135889e-01   2.1325465e+00  -3.4910493e-01  -8.5409348e-01  -6.3103664e-01  -1.8060265e+00   1.3402480e-01
   2.0000000e+00   1.0721639e-01   3.0281876e-01   6.2889455e-01   4.7135492e-01   1.5111596e+00  -9.6876461e-01   1.2264006e-01  -1.6205343e-01  -1.6244849e+00   4.9766530e-01
   2.0000000e+00  -1.7091994e+00  -2.6384032e-01   1.7877827e+00  -2.8717502e-01  -2.5374140e+00  -9.4538139e-01  -1.9624107e+00  -1.8765674e-01   5.6057635e-01  -9.2183167e-01
   2.0000000e+00   1.3257024e+00   4.3722718e-01   2.9667711e+00   5.4787830e-01  -4.0478194e-01  -1.3703930e-01  -5.1516114e-01  -2.2541227e+00  -1.6480031e+00  -1.1849931e+00
   2.0000000e+00   9.8906676e-01   3.5729448e-01  -9.7856208e-01  -7.8685563e-01  -1.3330880e+00   5.2907463e-01  -8.5511895e-01  -3.3603703e-01   4.5892561e-01   6.4028161e-01
   2.0000000e+00   9.6767783e-01   5.1820532e-01   1.4966788e+00   9.3985866e-01  -2.3884349e-01   1.5940912e+00   8.1919526e-01  -1.1042508e+00   1.2688685e+00   1.0210296e+00
   2.0000000e+00   1.2668061e+00   4.1430872e-01  -8.7874494e-01   1.6173217e-01   1.5573733e+00  -3.9023858e-01  -8.8568871e-01  -4.5946154e-01  -1.1971764e+00   7.5618304e-01
   2.0000000e+00   6.1067264e-01   3.7391976e-01  -4.6117115e-01  -3.1976549e-01   1.6054203e+00   1.4959423e+00  -2.2393536e-01  -3.0206454e-01   1.9156522e+00  -8.3617389e-01
   2.0000000e+00   1.5181432e+00   1.6848658e+00   5.8354295e-01  -9.9745491e-02  -3.2907784e-01   7.7075899e-01   9.2302031e-01  -8.9664627e-01  -7.9670348e-01   1.1020219e+00
   2.0000000e+00  -1.2472224e-01  -1.2088462e+00  -3.5362128e-01   1.1805280e-01  -1.5998380e+00   1.5760658e-01   1.7751537e+00  -1.5243076e+00  -8.8339766e-01  -7.0684893e-01
   2.0000000e+00  -1.3306904e+00   7.6120320e-01  -1.8252056e+00   3.4432919e-01   1.5708975e+00  -1.1065615e+00   9.6581208e-01  -1.2071132e+00   9.5445073e-01   1.4444622e-01
   2.0000000e+00   3.2388066e-01   8.1713159e-02   8.3321367e-02   4.5649766e-01   7.0076497e-01  -9.9968282e-01  -5.8454605e-01  -3.7165026e-01  -1.1333803e+00  -1.0046609e-02
   1.0000000e+00   1.6434995e+00  -6.2038484e-01  -5.9271954e-01  -1.0511694e-01   7.4745598e-01  -3.9861945e-01   2.4370596e-01   5.5651420e-01  -2.5418182e-01  -4.2277534e-01
   1.0000000e+00  -1.1318109e+00  -3.8439999e-01  -1.7463433e+00  -1.2045571e+00  -4.8858146e-01   2.1979674e+00  -1.3077127e-01   1.0944271e-01  -1.9230211e-01   5.2764540e-01
   2.0000000e+00   1.5580783e+00  -4.0079905e-01   2.9434081e-01   2.5340575e-01  -4.6848225e-01   1.2696982e+00  -9.0611056e-01  -1.3384131e+00  -1.6998458e+00  -1.0032534e+00
   2.0000000e+00  -1.2904690e+00  -5.1997793e-01  -3.9730672e-01  -1.8040084e-01  -3.2611629e-01  -7.7414554e-01   6.0169749e-01  -2.4900744e-01   2.3157518e-01  -1.4214699e-01
   2.0000000e+00   6.8824490e-01  -1.1343068e+00  -1.3343703e+00   4.8262283e-01  -1.1576099e+00   1.2923329e+00   3.6312239e-01  -7.0323193e-01   2.8749902e-02  -9.9967257e-01
   2.0000000e+00  -1.6073342e-01   2.5377962e-01  -2.0457540e+00   2.0899529e-02  -2.6926469e+00   1.1166132e+00  -5.0674924e-01   1.4709521e+00   1.0266134e+00   2.6398296e-01
   2.0000000e+00  -8.0230224e-01   1.9546497e+00   1.0251682e+00  -8.7042498e-02  -6.7553117e-01  -1.0904791e+00   6.8637136e-01  -6.4564748e-01   6.0925153e-01  -2.9916592e-01
   2.0000000e+00  -5.8450649e-02  -2.3510135e+00  -1.4842995e+00   2.8725503e-01   2.0472319e-01   5.9167266e-01   1.6480414e-01   6.2989604e-01   1.1513681e+00   2.4953941e-01
   2.0000000e+00  -9.4168224e-01   6.3551918e-01   5.3785256e-01  -7.9515296e-01   1.2431528e+00   1.0016632e-01  -1.3651706e+00   9.5183774e-01  -1.2359213e-01  -4.6896360e-02
   1.0000000e+00   1.2373596e+00   4.8468283e-01  -5.3104750e-01   2.0493898e+00  -6.8931605e-01  -1.9009332e+00   6.0359999e-01   5.1760751e-01  -9.8828923e-01   2.3609565e+00
   2.0000000e+00  -2.1491569e+00   7.5164947e-01  -6.5576103e-01  -3.0002248e-01  -1.4013663e+00   1.5803026e+00   2.5504445e-01   8.6466391e-01  -9.6361031e-01   1.0444277e+00
   2.0000000e+00   1.7606456e+00   1.6549442e+00   3.0718773e-01   5.1089115e-01   2.1775830e-01  -1.1945874e-01   1.0160537e+00  -6.8661932e-01   7.8457534e-02   4.8341202e-01
   2.0000000e+00  -2.4887245e-01  -9.8589291e-01  -5.0966884e-02  -1.4213506e+00   1.6829062e+00  -5.4058958e-01   1.7332451e-01  -1.1268553e+00   1.9255825e-01   1.6597849e+00
   2.0000000e+00  -3.1108697e-01  -4.1795189e-01   3.6677871e-01  -2.1445166e-01  -3.6235512e-01   2.8224169e-01  -1.7063526e+00  -9.0372736e-01   2.3489151e+00  -7.5854570e-01
   2.0000000e+00   1.8668704e+00   5.6542769e-01   1.8174606e+00   3.9453014e-01  -7.3281338e-01   5.2483134e-01  -1.7561270e-01  -5.8637177e-01  -1.4414052e+00  -7.8172798e-01
   2.0000000e+00  -5.3442800e-01  -5.8557867e-01   1.1861264e-01   1.7647003e+00  -4.5381005e-01   3.2230478e-01   1.7092741e-01   8.8004836e-01   1.4663241e+00  -1.8385499e-01
   2.0000000e+00  -1.1821595e+00   1.1568881e+00   7.0330102e-01   9.3012740e-01  -2.7637091e-01  -3.0948773e-01   1.7011169e-01   9.3748634e-01  -7.0409589e-01  -3.1627654e-01
   1.0000000e+00   2.6663474e-01  -2.6997701e-01  -8.1031045e-01   3.3907478e-01  -7.2383477e-02  -1.4611775e-01   2.1352871e+00   4.3598949e-01  -3.8602240e-01   4.8218704e-01
   2.0000000e+00   3.6913692e-01  -1.1960202e+00  -9.2080829e-01   1.8747533e+00   2.7996602e-01  -3.0059913e-01  -4.8314479e-01  -1.4558635e+00  -5.0943856e-01  -6.7252361e-01
   2.0000000e+00  -1.1343493e+00  -1.2523509e+00   8.8878212e-01  -4.7943426e-01  -4.1791969e-01   1.8535427e+00  -1.3122162e-01   1.1375226e+00  -1.7707392e-01  -6.6925872e-01
   1.0000000e+00  -1.8948116e-01   9.0570168e-02   2.0395583e-01  -5.0042759e-01  -1.1018244e+00  -2.5430475e-01   4.8034625e-01   4.3444744e-01   9.7028956e-01  -2.5859384e-02
   2.0000000e+00   1.4562841e+00   5.0722920e-01   6.8208804e-01  -1.0524333e-01  -1.8373933e+00  -1.1627371e+00   7.6833316e-01  -4.1702448e-01   1.1019900e+00  -1.5392613e+00
   2.0000000e+00   2.6849586e-01   3.0878123e-01   3.0321737e-01  -9.6251812e-01  -1.3114210e+00  -1.1281818e+00  -2.8341272e+00   1.1592063e+00   1.5296874e+00   5.5433785e-01
   2.0000000e+00   1.9355161e+00  -8.0132347e-01  -8.7604626e-01  -4.2117746e-01   8.5381294e-02   5.0905349e-02  -3.0569254e-02  -4.0652811e-01  -1.3584684e+00  -3.7419580e-02
   1.0000000e+00  -1.1919410e+00   3.5662842e-01  -4.3020415e-01   1.2449798e+00  -1.3750176e+00  -1.5452889e+00  -1.0143099e+00   7.4674056e-01  -1.3837283e+00  -9.4878300e-01
   2.0000000e+00   1.4901598e+00   6.0700687e-01  -4.2985828e-01   1.2989649e+00   1.7777150e+00   1.9697912e-01  -1.3309555e+00  -5.6905611e-01  -1.1581795e+00  -3.8052815e-01
   2.0000000e+00  -7.7203611e-01   1.8135270e-04   3.8301669e-01   8.1227336e-01   1.2323511e+00   7.3797159e-02   9.3158286e-01  -1.4957233e+00  -8.7319108e-01  -6.2853629e-01
   2.0000000e+00  -6.3428683e-01   4.9585139e-01  -1.1756324e+00  -7.3273392e-01   2.7621243e-01  -3.3679950e-01  -3.5265729e-01   1.0936573e+00   1.5078886e+00   1.8333671e+00
   2.0000000e+00  -4.7248135e-02   1.3650440e+00  -7.9640632e-02  -5.0812638e-01   4.4668261e-02   1.0724479e+00   8.6432531e-01   1.8249995e+00  -6.8026865e-01   1.5835732e+00
   1.0000000e+00  -2.1470427e+00   9.8568071e-03  -9.2338786e-01  -1.0975331e+00  -3.6127719e-01  -1.0671375e+00  -2.1054769e+00   1.4140669e-01  -5.6778341e-01   1.5057150e+00
   2.0000000e+00   1.6783678e-01   6.7472560e-02  -8.9020580e-01  -8.4303140e-01  -2.7097535e-01   7.7050436e-01   6.5993602e-02  -6.4701591e-01  -3.6327207e-01   9.4194316e-01
   2.0000000e+00  -3.0122887e-01   1.4610553e+00  -5.2884420e-01   9.2258636e-01  -5.4303919e-01  -2.4705962e-01  -3.5702775e-01   4.6521409e-01   4.7300131e-01  -1.6852416e+00
   2.0000000e+00   1.9636637e-01  -5.0337549e-01  -3.1959715e-01   4.1591839e-01  -1.4007937e+00  -2.4429276e+00  -1.4291138e+00   1.9479679e+00   6.7396332e-01   4.1818681e-01
   2.0000000e+00  -1.4489679e+00  -1.1963081e-02   1.1063838e-01   4.4007481e-02  -1.1936849e+00  -7.8860276e-01   1.7876727e-01  -1.4465037e+00  -1.3365702e+00  -1.4603084e+00
   2.0000000e+00  -3.0638746e-01   9.9885711e-01  -1.9035263e-01  -2.7477560e-01   7.1033766e-01  -1.2986669e-01   8.8036396e-01   1.5366013e+00   1.5357824e+00  -6.2432778e-01
   1.0000000e+00  -7.8595437e-01  -4.4519580e-01   2.4954918e-01  -1.8049574e+00   3.2205588e-01  -1.0866021e-01  -3.3546113e-01   1.1152668e-01  -2.4034019e+00  -1.5037424e+00
   2.0000000e+00   5.5657299e-01  -1.7196357e+00  -1.6890177e+00   6.8764820e-01  -2.8517270e-01  -7.0318057e-01  -9.5941020e-01  -1.6637382e+00  -1.3384948e+00  -3.2576911e-01
   2.0000000e+00  -4.0807359e-01  -9.5853759e-01   1.3128239e+00   7.6878757e-01   5.9169627e-01  -7.9936696e-01   3.2697790e-01  -2.2377834e+00  -3.6588647e-01  -3.9714304e-01
   1.0000000e+00  -1.0128195e-01   6.5665775e-01   1.0616810e+00  -1.3626207e+00   1.0844766e+00   3.9085379e-01   6.0997259e-01   8.7187968e-02  -1.7062531e+00  -1.1462389e+00
   1.0000000e+00  -5.7066735e-01   3.6189190e-01   1.6390449e+00  -1.0701227e+00  -1.7985530e+00  -8.2985003e-01   9.1488924e-01   3.8631304e-01   1.9622895e-01   7.7363490e-03
   2.0000000e+00   3.0077764e-01   2.0416564e+00   5.4964170e-01  -7.7525151e-01  -2.7940450e-01  -2.6650811e-01  -2.3754538e+00   4.9285555e-01   1.7658311e-01  -9.8101890e-01
   2.0000000e+00   7.4647149e-01  -7.2997774e-01   1.3093617e+00  -5.5664339e-01   1.3859520e-01   1.2979286e+00  -2.3051805e-01  -1.1110651e+00   1.2399577e+00   1.0234415e+00
   2.0000000e+00  -2.1753127e-01   3.6815185e-01   6.7779263e-01   5.4864084e-01   3.4530088e-03  -1.0391831e+00  -5.6344260e-01  -4.4816987e-01  -6.7447832e-01  -3.1075400e-01
   2.0000000e+00  -6.2709243e-01  -1.1488617e+00   4.0815196e-01   5.4952870e-01   2.0735681e+00   6.5493628e-02   1.9634575e+00   9.7880828e-01  -6.3209360e-01   2.6759546e-01
   2.0000000e+00  -5.6410390e-01  -9.4644996e-01   4.6397581e-01   8.3184894e-01  -1.1051229e+00   3.7218872e-01   7.4042371e-02   1.2062166e+00   2.0779517e-01   1.4134313e-03
   2.0000000e+00  -2.3955071e-02   1.0861620e+00   9.6111214e-02  -4.3073032e-01  -1.2242480e-01   3.5817871e-02   5.3344005e-01  -1.6766738e+00  -6.0310577e-02   6.9716946e-01
   2.0000000e+00  -1.1949524e+00  -2.0157692e-01   4.9566887e-01  -8.0650976e-01   1.0722021e+00   1.0603896e+00  -9.4623005e-01  -5.7959072e-01  -1.9935748e-01   1.1679211e-01
   2.0000000e+00   3.3938060e-02  -1.0770663e+00  -1.5886318e+00   1.2154416e+00   3.3944809e-01  -4.7411968e-01  -2.6980206e-01   1.2089859e-01  -1.1698147e+00  -1.7239973e-01
   1.0000000e+00   1.5422880e+00   6.9842932e-02   3.3559754e-01  -3.6490216e-01   2.3711810e-01   8.6277828e-02  -4.2803746e-02   4.8221017e-01   4.9145287e-01   5.3852400e-01
   2.0000000e+00  -4.0760361e-01  -6.3101403e-01   6.4867910e-01  -2.6606609e-01   6.7433520e-01   6.0372878e-01   8.5621661e-01  -1.2317369e+00   1.4401290e+00   1.5660400e+00
   2.0000000e+00  -2.0415124e-01  -1.7202804e+00  -4.7430607e-01   1.4340836e+00   5.0494312e-01  -1.4543961e+00   1.2200592e+00  -1.6092687e+00   1.6818745e+00  -1.1961536e-01
   2.0000000e+00  -3.7578746e-01  -3.7810066e-01  -3.8834410e-01  -4.9299904e-01   1.6903520e-01  -1.0865546e+00  -9.4143044e-01  -1.9102339e+00  -3.3145094e-01  -6.9562676e-01
   2.0000000e+00  -1.3429964e+00   8.7077520e-01  -1.9553141e+00  -5.2214685e-01   2.5862061e+00   4.4400674e-01   2.3888750e+00   1.6574430e+00   3.3065156e-01   3.3656269e-01
   1.0000000e+00   1.3636990e-01  -7.7362359e-01  -1.9799583e+00  -2.9585838e-01  -1.2292064e+00  -1.9128793e-01  -6.2578127e-01   1.8038084e-01   1.0398843e+00   5.3395812e-01
   2.0000000e+00   1.0488197e-01   1.7560845e+00   4.8565150e-01  -2.2569224e-01  -3.3785659e-01  -3.2476520e-01  -2.1166126e+00   1.0929056e+00  -4.3364517e-01  -4.8995097e-02
   2.0000000e+00   1.1258976e+00  -1.0533748e-01   1.5058097e+00  -1.3718835e+00   6.3570886e-01   3.3907869e-01  -1.6899939e+00  -1.5093230e+00  -1.9748798e+00   1.8478381e-01
   2.0000000e+00  -2.5625892e-01  -1.0445508e+00  -2.0663305e-01   1.0768706e-01   1.0378888e+00  -2.1128442e+00  -6.2158727e-01  -5.4441526e-01   2.2542969e-01  -1.6826028e+00
   2.0000000e+00  -1.5196695e+00   5.2297321e-01  -5.4622942e-01   8.1019982e-01   2.1422470e+00  -2.9190100e-01  -1.2315937e-01  -4.2171233e-01  -8.3917667e-01  -2.3619569e-01
   1.0000000e+00   3.7259676e-02   8.1831167e-01  -1.2357850e+00  -8.0118794e-01   1.2519284e+00   2.8141652e-01  -9.4093863e-01   1.9577346e-01   1.0126104e+00  -8.9258695e-01
   2.0000000e+00   3.2887386e-01  -9.5630282e-01  -1.9852521e+00   3.9823029e-01  -1.4749202e+00   2.3258238e-01   7.9414776e-01  -5.8350339e-01  -9.7943997e-01   2.2291499e+00
   2.0000000e+00  -8.5358545e-03   8.6287535e-01   1.0272063e+00   7.1442369e-01   2.2165832e-01  -1.1618156e+00  -9.5245028e-01   5.3736007e-01  -2.1299120e-01   1.3016607e+00
   2.0000000e+00   6.4155610e-02   2.3245070e+00  -1.7410605e-01  -6.4806824e-01  -3.4194650e-01  -5.7613847e-01  -1.3475424e+00  -6.4575223e-01   1.5378239e+00   2.0088402e+00
   2.0000000e+00   5.5958750e-01   5.9396482e-01   4.1491777e-01   1.6472180e-02   8.3564892e-02   1.1046926e+00   1.8779553e-01  -9.1744237e-01  -1.4489645e-01  -6.8421494e-01
   2.0000000e+00  -1.9932814e-01   3.3667354e-01   2.4288305e+00  -1.1359233e+00   1.7681321e-01  -1.1948249e+00  -3.5845841e-02  -3.3149383e-01   9.3742538e-01   3.6929343e-01
   2.0000000e+00  -1.6335617e-01  -5.1211504e-02  -7.9945957e-01   2.6952012e-01  -1.1943576e+00  -1.2229649e+00   1.0269701e+00  -9.3589500e-01  -7.5788226e-01   2.0725735e+00
   1.0000000e+00   1.6545931e+00   4.0792552e-02  -6.8460317e-01  -2.1808837e+00  -3.4398068e-01   6.8976661e-01  -4.2721525e-01   5.2906777e-01   1.0815573e+00   4.6226718e-01
   1.0000000e+00  -2.3704334e+00  -9.1833640e-01  -8.4618420e-01   8.9043878e-01  -4.4806007e-01  -5.3537713e-01  -1.0760317e+00   6.7129551e-02   9.0559553e-01  -1.5952904e-03
   2.0000000e+00   2.5285078e-01   6.7298712e-01   8.3101759e-01  -1.1960577e+00  -9.8448444e-01  -9.3387126e-02   1.4983308e+00  -2.6029910e-01   6.0599011e-01   2.5847026e-01
   2.0000000e+00   1.6982556e+00  -2.4095825e-01   3.9151381e-01   1.0881188e+00  -1.4678494e+00   9.7484548e-01  -2.5993552e+00  -7.5251750e-01   1.2669007e+00   2.1681934e+00
   2.0000000e+00  -6.5669834e-01  -9.5633214e-02   9.8489253e-02  -7.5640899e-01   1.0429581e+00   6.0241734e-01   3.3050002e-01  -1.6439408e+00   1.4584010e+00   6.6475764e-01
